0722
1133
9424
5921
0932
6763
9219
0884
2563
0480
7803
9621
3276
0581
0862
4409
6791
2394
3077
6612
2615
0253
9604
0296
4617
0373
2273
4368
7648
0000
5854
0216
9852
0492
4906
9594
5963
4091
9673
5673
3663
5740
9205
0000
1737
0000
5203
1485
3663
6010
1694
9326
5123
5784
5990
6192
9361
9925
3861
7822
4623
6614
4426
4580
7526
6229
5292
6047
5326
4346
9790
8217
5698
9501
3613
3714
3300
3690
5674
3060
6962
5726
3198
1302
5005
0212
0399
5759
7018
0611
3606
3140
0000
4750
2207
3122
8769
4666
7753
7789
3824
5982
2899
6133
7583
1308
4600
0116
4984
3303
4266
8652
0888
1223
8448
3654
4867
4264
5855
7964
7869
0000
0541
2892
4392
4693
3785
0274
3679
3198
5300
7854
6805
7360
0693
6702
2562
8251
3210
0632
6989
3451
0000
6247
3363
2656
5090
3666
7282
4374
0062
6474
4540
2836
5692
4307
9451
3479
1565
6464
6200
0000
0098
7230
2576
1624
3362
0000
3154
2361
5529
6363
0000
2333
0875
0000
2519
6570
4191
3663
2582
5535
3753
9839
9406
7704
3083
9141
0000
1543
8948
1322
4858
2109
9858
6848
5993
0000
5314
0000
5091
7405
3433
0000
9175
5390
2255
9450
4871
7158
4388
0788
0000
4583
2913
7108
5058
4672
3803
0000
9326
1540
9970
4696
0756
0162
1641
5545
4825
3904
5071
0000
4373
9101
0535
3374
4785
0135
5523
6785
0494
9197
7858
9547
2436
3344
6571
5290
0000
0801
1777
4672
7201
6525
5604
7531
0000
5370
9894
4043
7669
1214
0000
9616
7323
6790
1540
4874
0538
5130
7207
7039
0331
6985
9884
7951
2616
0000
9620
9286
3320
8177
2765
5603
3794
0507
9924
3663
0000
7837
2938
6891
9135
9686
6547
8746
6218
0000
3172
1571
1694
5385
1714
3070
2661
4366
4886
1996
9962
1382
3890
6914
1960
2345
7914
4396
6704
3810
4390
1548
7330
4568
1643
1304
8917
2551
6883
1389
0493
4125
5980
2614
1350
9374
1408
9185
6884
3992
1581
1407
0919
0302
8407
1517
1472
4663
3362
8773
6880
9979
2209
0833
5773
4416
7479
5392
0000
6840
0831
2140
3169
7051
7348
7123
0000
5694
0000
6843
5086
2591
6613
9662
4317
7823
1592
0324
1457
0081
9543
5072
7475
0784
8206
5351
5392
9684
6214
9421
3376
6904
5693
1132
0000
1648
4421
0000
1549
5663
1306
3973
3666
5800
4505
0426
1270
1766
0819
8981
4173
3498
2829
3396
8896
5115
1572
6695
4694
3666
5883
3762
1159
2160
3810
3663
2544
7559
7961
2352
0783
6664
1686
7693
2448
1286
4774
6869
8236
7764
6776
3666
8870
0000
0798
5123
0932
3794
5865
5848
6280
6852
9542
2330
5663
0000
5504
1310
4554
1213
4497
4480
0910
4764
0013
2756
1898
9022
5694
1482
9240
0000
8705
3663
8040
4896
6216
3772
0000
2739
4772
0042
1990
4755
7609
5269
3083
3304
1444